   0.09158,   0.20181,   0.36500,   0.54184,   0.66017,   0.66017,   0.54184,   0.36500,   0.20181,   0.09158,   0.20181,   0.44472,   0.80435,   1.19404,   1.45480,   1.45480,   1.19404,   0.80435,   0.44472,   0.20181,   0.36500,   0.80435,   1.45480,   2.15962,   2.63126,   2.63126,   2.15962,   1.45480,   0.80435,   0.36500,   0.54184,   1.19404,   2.15962,   3.20590,   3.90604,   3.90604,   3.20590,   2.15962,   1.19404,   0.54184,   0.66017,   1.45480,   2.63126,   3.90604,   4.75908,   4.75908,   3.90604,   2.63126,   1.45480,   0.66017,   0.66017,   1.45480,   2.63126,   3.90604,   4.75908,   4.75908,   3.90604,   2.63126,   1.45480,   0.66017,   0.54184,   1.19404,   2.15962,   3.20590,   3.90604,   3.90604,   3.20590,   2.15962,   1.19404,   0.54184,   0.36500,   0.80435,   1.45480,   2.15962,   2.63126,   2.63126,   2.15962,   1.45480,   0.80435,   0.36500,   0.20181,   0.44472,   0.80435,   1.19404,   1.45480,   1.45480,   1.19404,   0.80435,   0.44472,   0.20181,   0.09158,   0.20181,   0.36500,   0.54184,   0.66017,   0.66017,   0.54184,   0.36500,   0.20181,   0.09158